{
  "advancedEditorSelectedIdentifier" : "ProjectBrowser",
  "openSceneRelativePaths" : [
    "CharacterAnimations.usda",
    "Immersive.usda"
  ],
  "recentIdentifiers" : {

  },
  "sceneCameraHistory" : {
    "29A6587C-7F91-44E0-987B-A154F33A04C1" : [
      {
        "date" : 739356812.646459,
        "title" : "Untitled",
        "transform" : [
          1,
          0,
          0,
          0,
          0,
          0.86598325,
          -0.5000731,
          0,
          0,
          0.5000731,
          0.86598325,
          0,
          5.3878403,
          3.290448,
          11.043388,
          1
        ]
      },
      {
        "date" : 739356809.282647,
        "title" : "Untitled",
        "transform" : [
          1,
          0,
          -0,
          0,
          -0,
          0.86598325,
          -0.5000731,
          0,
          0,
          0.5000731,
          0.86598325,
          0,
          5.3878403,
          17.671839,
          35.952694,
          1
        ]
      },
      {
        "date" : 739356808.423036,
        "title" : "Untitled",
        "transform" : [
          0.99999994,
          0,
          -0,
          0,
          -0,
          0.86602443,
          -0.50000155,
          0,
          0,
          0.50000155,
          0.86602443,
          0,
          0,
          3.792562,
          6.5689106,
          1
        ]
      }
    ],
    "AF09ED6F-1707-48FD-8720-65B998362C09" : [
      {
        "date" : 739356876.881232,
        "title" : "Untitled",
        "transform" : [
          0.9317094,
          1.2854934e-08,
          0.36320466,
          0,
          0.082911894,
          0.9735958,
          -0.21268934,
          0,
          -0.3536145,
          0.22827882,
          0.90710825,
          0,
          0.03767675,
          0.4453969,
          1.579909,
          1
        ]
      },
      {
        "date" : 739356869.080985,
        "title" : "Untitled",
        "transform" : [
          0.9155371,
          1.3911249e-08,
          0.40223345,
          0,
          0.13190152,
          0.9447045,
          -0.30022547,
          0,
          -0.3799917,
          0.32792294,
          0.864912,
          0,
          0.017438412,
          0.46319678,
          1.9800029,
          1
        ]
      },
      {
        "date" : 739356867.949177,
        "title" : "Untitled",
        "transform" : [
          0.8996789,
          1.6860625e-08,
          0.4365523,
          0,
          0.20687741,
          0.8805845,
          -0.42634806,
          0,
          -0.3844211,
          0.47388932,
          0.7922432,
          0,
          -0.017686367,
          0.9275074,
          1.7943703,
          1
        ]
      },
      {
        "date" : 739356863.438043,
        "title" : "Untitled",
        "transform" : [
          0.8952067,
          -3.327857e-09,
          0.44565117,
          0,
          0.30140364,
          0.7366062,
          -0.6054478,
          0,
          -0.32826933,
          0.676322,
          0.6594147,
          0,
          0.07962233,
          1.6351229,
          1.5337763,
          1
        ]
      },
      {
        "date" : 739356855.288317,
        "title" : "Untitled",
        "transform" : [
          -0.26724243,
          -3.327857e-09,
          0.96362936,
          0,
          0.6517236,
          0.7366062,
          0.18074194,
          0,
          -0.70981526,
          0.676322,
          -0.1968524,
          0,
          -1.6164958,
          0.878797,
          0.79221565,
          1
        ]
      },
      {
        "date" : 739356842.461877,
        "title" : "Untitled",
        "transform" : [
          1,
          0,
          -0,
          0,
          -0,
          0.8660246,
          -0.5000013,
          0,
          0,
          0.5000013,
          0.8660246,
          0,
          2.598205,
          5.9641,
          10.05841,
          1
        ]
      }
    ]
  },
  "selectedSceneRelativePath" : "Immersive.usda"
}